Training times for the algorithm with 5 categories:
980.4896471500397
972.7728292942047
961.5992524623871
972.2522065639496
972.545196056366
1023.8226938247681
987.1410574913025
980.5262360572815
972.196414232254
1028.8286819458008
979.5248107910156
958.6397914886475
974.1333878040314
968.4418201446533
980.1959404945374
972.312637090683
978.8491826057434
967.0618970394135
978.0645542144775
989.7791564464569
1009.0534338951111
963.717267036438
968.5803837776184
982.0977902412415
966.3710045814514
964.7443790435791
953.8178355693817
983.6850762367249
965.1649849414825
997.9804418087006
978.5644595623016
998.6935572624207
977.6396524906158
981.5525755882263
971.2866060733795
959.3678395748138
957.7996273040771
954.7914433479309
960.989634513855
990.6928346157074
998.8823528289795
962.3549511432648
969.4405801296234
967.7066648006439
955.9010899066925
956.2925851345062
976.7231929302216
984.5148453712463
957.7673010826111
977.4986879825592
955.0425407886505
960.8087568283081
976.8151791095734
987.0022377967834
977.2617406845093
959.2869341373444
968.9434380531311
971.3033270835876
970.082218170166
1012.6632652282715
966.2377460002899
962.092649936676
1025.4841289520264
983.0133605003357
987.507360458374
986.9849767684937
970.1066317558289
958.5129475593567
952.7417385578156
981.7024610042572
986.9699363708496
997.6136529445648
999.5352785587311
976.6800932884216
970.9064340591431
1009.1216723918915
987.8542203903198
975.8405377864838
1034.5152378082275
958.483968257904
982.2376821041107
986.8299026489258
972.4820137023926
982.6069626808167
973.0600032806396
967.813282251358
982.1115584373474
969.2735304832458
959.2729806900024
985.5721921920776
977.6900835037231
1007.706690788269
965.221358537674
975.5481967926025
971.5991895198822
982.6327509880066
971.660665512085
987.5276803970337
985.8664381504059
955.2189726829529
985.1097400188446
972.8909933567047
961.7207171916962
1002.4164295196533
980.4922857284546
1011.3434398174286
1006.428041934967
975.6312730312347
967.1450140476227
975.4640519618988
1034.0868191719055
1002.9957044124603
1029.7664849758148
1042.152063369751
1019.9525926113129
1039.2101545333862
1058.4625787734985
1040.44584608078
1053.2143697738647
1047.2349882125854
1030.8484625816345
1009.8843412399292
1006.7389941215515
1029.4252438545227
1021.6085369586945
1075.7276289463043
1027.2932121753693
1034.8510184288025
1056.668401479721
1041.8013215065002
1091.43057179451
1027.7038369178772
1031.439829826355
1017.1536648273468
1069.019201517105
1038.029292345047
1030.7754244804382
1024.1622757911682
1044.125513792038
1085.5464990139008
1039.1414096355438
1070.226811170578
1063.9448308944702
1033.3643913269043
1023.6188108921051
1046.5174832344055
1036.5554559230804
1031.1628041267395
1014.6634902954102
1043.6173784732819
1025.224910736084
1052.638745546341
1125.1204731464386
1050.7003109455109
1047.5652074813843
1052.4946208000183
1033.5421600341797
1033.8515791893005
1070.4216096401215
1042.226634979248
1027.345715522766
1039.5592091083527
1029.0919892787933
1041.2303395271301
1055.463393688202
1034.7458765506744
1016.4407098293304
1049.7130105495453
1038.8677380084991
1019.9761428833008
1085.4418351650238
1046.0955998897552
1078.3356552124023
1055.5634067058563
1027.8397719860077
1031.4871189594269
996.7506527900696
993.3720006942749
996.0175755023956
988.7893507480621
1015.9919390678406
996.052561044693
1005.6748304367065
1030.5381035804749
987.137241601944
1008.6174516677856
1013.6384651660919
985.7836918830872
990.1680274009705
993.4565191268921
992.8307981491089
985.3180584907532
996.2335760593414
996.9616005420685
996.2305345535278
1019.6918840408325
997.4194071292877
1042.751889705658
1017.718079328537
997.4245796203613
998.0790064334869
964.1329247951508
980.4885544776917
995.9455587863922
991.4118764400482
989.2913918495178
988.8767492771149
999.3153007030487
1001.9944949150085
960.0309007167816
978.947788476944
1015.4765238761902
993.7127985954285
980.3691217899323
986.5512218475342
957.2751708030701
998.789874792099
992.8914816379547
984.4507710933685
994.3092291355133
