Training times for the algorithm with 5 categories:
980.4896471500397
972.7728292942047
961.5992524623871
972.2522065639496
972.545196056366
1023.8226938247681
987.1410574913025
980.5262360572815
972.196414232254
1028.8286819458008
979.5248107910156
958.6397914886475
974.1333878040314
968.4418201446533
980.1959404945374
972.312637090683
978.8491826057434
967.0618970394135
978.0645542144775
989.7791564464569
1009.0534338951111
963.717267036438
968.5803837776184
982.0977902412415
966.3710045814514
964.7443790435791
953.8178355693817
983.6850762367249
965.1649849414825
997.9804418087006
978.5644595623016
998.6935572624207
977.6396524906158
981.5525755882263
971.2866060733795
959.3678395748138
957.7996273040771
954.7914433479309
960.989634513855
990.6928346157074
998.8823528289795
962.3549511432648
969.4405801296234
967.7066648006439
955.9010899066925
956.2925851345062
976.7231929302216
984.5148453712463
957.7673010826111
977.4986879825592
955.0425407886505
960.8087568283081
976.8151791095734
987.0022377967834
977.2617406845093
959.2869341373444
968.9434380531311
971.3033270835876
970.082218170166
1012.6632652282715
966.2377460002899
962.092649936676
1025.4841289520264
983.0133605003357
987.507360458374
986.9849767684937
970.1066317558289
958.5129475593567
952.7417385578156
981.7024610042572
986.9699363708496
997.6136529445648
999.5352785587311
976.6800932884216
970.9064340591431
1009.1216723918915
987.8542203903198
975.8405377864838
1034.5152378082275
958.483968257904
982.2376821041107
986.8299026489258
972.4820137023926
982.6069626808167
973.0600032806396
967.813282251358
982.1115584373474
969.2735304832458
959.2729806900024
985.5721921920776
977.6900835037231
1007.706690788269
965.221358537674
975.5481967926025
971.5991895198822
982.6327509880066
971.660665512085
987.5276803970337
985.8664381504059
955.2189726829529
985.1097400188446
972.8909933567047
961.7207171916962
1002.4164295196533
980.4922857284546
1011.3434398174286
1006.428041934967
975.6312730312347
967.1450140476227
975.4640519618988
