Training times for the algorithm with 3 categories:
639.835200548172
630.4781260490417
615.441059589386
624.0418815612793
611.7062151432037
630.7141399383545
624.248496055603
646.0593457221985
640.167680978775
643.7785391807556
637.9637989997864
635.3474397659302
617.4921133518219
620.4729323387146
612.939361333847
627.7487125396729
623.2675881385803
618.2174344062805
620.1943440437317
624.1246376037598
626.9370691776276
634.6663887500763
621.6820261478424
658.4616827964783
629.2760689258575
626.4213993549347
638.4221856594086
632.4993615150452
650.1317331790924
630.0157635211945
625.6813135147095
641.3406908512115
637.8638048171997
608.7124588489532
609.259073972702
610.5211989879608
641.8412029743195
636.2225205898285
618.9166479110718
633.949652671814
625.2395453453064
627.9999644756317
619.6693704128265
643.1222584247589
613.324373960495
629.7046434879303
614.8981313705444
618.4389789104462
622.2121901512146
617.3093166351318
634.417281627655
637.3515877723694
618.598534822464
635.6874890327454
642.2477617263794
608.9505350589752
631.4957699775696
631.0533359050751
635.3969202041626
629.4962344169617
630.9450755119324
618.8359599113464
635.2720921039581
618.4559006690979
634.1062934398651
634.7044222354889
617.4021224975586
650.3090689182281
628.2499220371246
623.5030057430267
632.7624685764313
615.6720526218414
645.1640963554382
625.7475116252899
630.3427205085754
614.6337547302246
631.1617181301117
616.3337640762329
630.5724408626556
616.8478918075562
628.2936203479767
625.767226934433
640.4937806129456
622.9404134750366
623.9723892211914
653.3137595653534
630.1315126419067
621.8604643344879
619.3918988704681
603.6799309253693
633.0010199546814
630.8819510936737
630.9500877857208
617.4147403240204
662.1780638694763
629.4586298465729
621.0609457492828
639.0958495140076
638.8828337192535
618.4343135356903
615.504486322403
621.1347947120667
616.6325855255127
625.216454744339
623.6572563648224
641.3558287620544
626.386159658432
634.1828980445862
624.3963828086853
636.3265137672424
