Training times for the algorithm with 4 categories:
850.0276079177856
828.3198823928833
839.3698139190674
847.6464085578918
827.2369441986084
848.6371157169342
863.0401213169098
845.4276540279388
857.8479869365692
872.6930937767029
856.6006970405579
848.7891087532043
840.5698988437653
829.354101896286
832.5047342777252
841.6299805641174
844.9450097084045
829.8063051700592
856.8930411338806
842.4641029834747
853.5336549282074
858.390284538269
840.3107333183289
823.7028267383575
845.0596172809601
833.8015556335449
827.7633299827576
848.0268440246582
844.125645160675
841.7206590175629
826.8623855113983
858.2609674930573
854.221004486084
818.9099626541138
824.4304971694946
841.7187521457672
827.6649680137634
839.3454728126526
870.5575687885284
858.3476548194885
845.3174812793732
839.3107187747955
852.5602242946625
853.9937884807587
842.5221073627472
829.3125560283661
827.8368403911591
860.5576465129852
827.4491927623749
890.4184801578522
869.3820984363556
830.3578450679779
844.0879051685333
845.7400045394897
828.0633144378662
843.5907080173492
839.2569351196289
844.067929983139
821.1372110843658
838.7378253936768
846.3802859783173
834.9532797336578
853.8565213680267
849.9993741512299
859.1041374206543
846.6466317176819
849.0038526058197
848.1725289821625
846.8965060710907
830.9142160415649
853.7987654209137
823.3253862857819
837.8061728477478
843.4908821582794
853.3038566112518
857.9702627658844
860.0187227725983
841.2231109142303
831.9584231376648
885.0581974983215
833.771466255188
833.0162489414215
804.5882124900818
812.249988079071
824.6580741405487
802.9555759429932
820.4068994522095
827.9566705226898
810.1559278964996
816.1875591278076
813.8534109592438
826.0062074661255
845.297768831253
821.3935554027557
855.0603175163269
827.7133796215057
837.0895748138428
815.5515282154083
869.5209245681763
826.369380235672
809.6990389823914
818.8066658973694
805.9058661460876
820.6637949943542
813.3619093894958
835.8770470619202
843.0756890773773
811.5530753135681
800.6481399536133
815.9863224029541
