Training times for the algorithm with 2 categories:
435.5022277832031,
459.2971625328064,
438.6072018146515,
452.87279510498047,
419.4277286529541,
423.6815416812897,
434.9954164028168,
429.145947933197,
429.12233901023865,
428.51241874694824,
437.1529438495636,
443.25306010246277,
427.29439759254456,
432.1156716346741,
423.2800009250641,
424.34454107284546,
427.54350066185,
434.5998601913452,
429.29428935050964,
439.5675413608551,
437.0660398006439,
433.7917959690094,
429.0854902267456,
434.080579996109,
426.8228187561035,
440.8586211204529,
441.92416977882385,
433.77176690101624,
426.394917011261,
435.09544467926025,
432.2896897792816,
435.7742819786072,
439.5146358013153,
430.9816620349884,
441.6612403392792,
425.1299030780792,
425.9566261768341,
428.8618817329407,
445.3194007873535,
427.9295449256897,
433.76672887802124,
422.2851867675781,
426.39611983299255,
427.7549443244934,
419.19722270965576,
427.41680574417114,
429.71940994262695,
434.36987233161926,
427.698970079422,
437.38663244247437,
436.53498935699463,
445.2867488861084,
443.27788734436035,
426.2666714191437,
435.0527431964874,
435.0132441520691,
441.74415135383606,
436.2474958896637,
431.3161721229553,
437.6341209411621,
435.9978642463684,
437.745728969574,
425.57727789878845,
429.9865279197693,
434.18638014793396,
441.38170862197876,
425.2516133785248,
442.6187090873718,
432.969366312027,
444.937659740448,
426.2236969470978,
439.1679582595825,
436.3418622016907,
423.4921443462372,
433.24458169937134,
422.7788212299347,
431.720627784729,
435.39887595176697,
430.9330177307129,
434.1124300956726,
441.7133002281189,
428.71689677238464,
431.4179310798645,
434.1007080078125,
433.92906284332275,
434.2138555049896,
426.6294071674347,
443.4363532066345,
449.1414713859558,
442.97686553001404,
428.9119689464569,
428.23112535476685,
433.05581617355347,
438.39323806762695,
429.24973940849304,
435.9320001602173,
434.7436783313751,
435.06198239326477,
432.8629729747772,
422.3573317527771,
415.3021013736725,
407.69972133636475,
421.0951335430145,
428.6937520503998,
408.87567710876465,
421.75978350639343,
415.82009720802307,
415.7814700603485,
432.388396024704,
424.85309958457947,
